RAS_回风系统 255 0 255
FAS_新风系统 0 255 0
SAS_送风系统 0 153 255
PAS_加压送风系统 153 204 255
SA/MUS_送风兼补风系统 153 204 255
SSS_消防补风系统 153 204 255
KMS_厨房补风系统 153 204 255
MUS_补风系统 153 204 255
EAS_排风系统 255 204 122
AEA_事故排风系统 255 204 122
SES_排烟系统 255 204 0
EA/SES_排风兼排烟系统 255 80 80
KES_排油烟系统 204 0 0
CSS_空调冷冻水供水系 0 153 255
CRS_空调冷冻水回水系统 0 102 204
CS_冷凝水系统 102 204 255
CTS_冷却水供水系统 0 153 255
CTR_冷却水回水系统 0 102 204
CHS_空调冷热水供水系统 0 153 255
CHR_空调冷热水回水系 0 102 204
EWS_膨胀水系 128 128 0
HSS_热水供水系统 255 255 153
HRS_热水回水系统 255 255 0
PRS_定压系统 255 204 0
MUS_补水系 0 153 255
WACS_热风幕供水系 255 255 153
WACR_热风幕回水系 255 255 0
SWS_软化水系统 255 204 0
RSS_供暖供水管系统 255 255 153
RRS_供暖回水管系统 255 255 0
FHS_地板辐射采暖系统 255 153 0
DS_排水系统 204 153 0
CWS_自来水管系统 0 255 0
RRS_二次侧供暖回水管系 255 255 0
RSS_二次侧供暖供水管系统 255 255 153
TWS_生活给水系统 0 255 0
CWIS_冷却补水系统 0 255 0
NWS_市政直供给水系统 0 255 0
PWSS_加压给水系统 0 255 0
SHSWS_太阳能热水供水系统 255 153 102
SHBWS_太阳能热水回水管系统 255 153 102
HRS_一次侧热水回水系统 255 153 102
HSS_热水供水系统 255 153 102
DHWS_生活热水系统 255 153 102
HRS_热水回水系统 255 153 102
KPWS_厨房压力废水系统 153 102 0
GWS_重力废水系统 153 102 0
KGWS_厨房重力废水系统 153 102 0
PWWS_压力废水系统 153 102 0
KSS_厨房污水系统 204 153 0
PSS_压力污水系统 204 153 0
GSS_污水排水系统 204 153 0
ODS_室外排水系统 204 153 0
VLS_通气系统 255 255 255
SRDS_虹吸雨水系统 0 128 0
PFRDS_压力雨水系统 0 128 0
GSDS_重力雨水系统 0 128 0
ORWS_室外雨水系统 0 128 0
FHS_室内消火栓系统 255 0 0
AWCFWS_自动水炮灭火给水系统 255 0 0
ASS_自动喷淋系统 255 0 0
PPCSWPS_窗玻璃防护冷却系统给水系统 255 0 0
OFFS_室外消防系统 255 0 0
GFES_气体灭火系统 255 0 0
HVEPS_高压配电系统 255 0 255
ELVS_应急低压配电系统 255 102 255
FA_消防弱电系统 255 102 255
NLVS_普通低压配电系统 255 153 255
LTS_照明系统 255 204 255
EMS_电力控制系统 255 178 255
LTS_照明系统 255 128 255
GCS_综合布线系统 0 153 255
WCIS_弱电综合系统 0 204 255
UPS_弱电供电电源系统 0 255 255
PFSS_客流统计系统 51 51 255